# Created by Octave 8.4.0, Thu Feb 29 06:27:17 2024 NZDT <james@SC412427>
# name: V
# type: matrix
# rows: 30
# columns: 30
 -4.6541973108979647e-09 -7.3129633084236872e-10 1.3156800374786066e-09 -1.0704142909522329e-09 3.0485982008704804e-10 -1.1145168571775436e-10 -1.635593070589226e-10 -1.5330192428038101e-10 -1.8789868157239428e-10 -1.5572152615415216e-10 -2.7064746595952286e-10 -2.1863795843353981e-10 -2.2084924990718438e-10 -2.4072170057964169e-10 -2.4230080520687399e-10 -2.4066831803038755e-10 -2.2039169037329915e-10 -2.1762185390981683e-10 -2.7087883595892715e-10 -1.6262263353692569e-10 -2.0279463898710687e-10 -1.4493261450803671e-10 -9.2673240581590544e-11 -2.199519895546085e-10 -3.6190618322386019e-11 4.7538429876422111e-10 -1.602337585586544e-09 9.8769942714476108e-10 -3.8684269200127904e-10 -6.3078976727539294e-09
 -7.3129682162882838e-10 2.1145559514871981e-09 -7.0914172681859341e-10 -9.2051973689578247e-10 9.844694537055747e-11 -2.1186196395093943e-10 -2.0695294424806297e-10 -8.0425384297070658e-11 4.9427201643873774e-11 -1.0568525747002234e-11 1.0488313647161788e-10 1.2169342175390642e-10 8.7068686618089885e-11 1.4669258216892974e-10 1.3807402647989972e-10 1.4704655371257331e-10 8.8202288612333676e-11 1.2336778246438965e-10 1.039457102022112e-10 -2.0703796114715605e-11 2.9733633454351699e-11 -7.7120911724845708e-11 -1.3867254793233512e-10 -3.1475438889085025e-10 -3.0556979071786239e-10 4.0760535621056238e-10 -1.6554089635912951e-09 5.2582515545606692e-10 2.1338405465361749e-09 -6.5436127979382184e-10
 1.3156745082368351e-09 -7.091473653775205e-10 7.3633864598362179e-10 -2.6078634113569835e-11 6.7306058604077361e-10 2.8581067310243654e-10 1.3267963649177249e-10 3.1041038406859765e-10 5.880737658147885e-11 2.0070892645923546e-10 5.6149291877479403e-11 4.7087212097300249e-11 1.1298258899562416e-10 4.2307863497298142e-11 6.0735451988323428e-11 4.3686298731222209e-11 1.1547887752192396e-10 4.723318378374204e-11 4.607285335485333e-11 1.7679676995565183e-10 3.2466492539746946e-11 3.1180318079001032e-10 2.0085457705499927e-10 2.0447405771241608e-10 2.9470665205980983e-10 8.9649790829880376e-10 -2.9567755268611694e-10 6.0601918059036708e-10 -6.8519152898485167e-10 1.2919266589497417e-09
 -1.0704426392370306e-09 -9.2054892606946115e-10 -2.6099520393300897e-11 -1.226094247237425e-09 -2.5834846657531562e-10 -6.1343451155273604e-10 -3.7191146160885027e-10 -4.9381106123973781e-10 -1.9123763573620149e-10 -3.3505201647276507e-10 -1.8846625151105727e-10 -1.9843663642207874e-10 -2.0355668006098347e-10 -1.6342048196855682e-10 -1.639546913554737e-10 -1.6112522232624935e-10 -2.0414829345120777e-10 -2.1450919316707209e-10 -2.2152560487327937e-10 -3.4134835469417192e-10 -1.3970042655481495e-10 -4.261278455014031e-10 -2.3471925247409009e-10 -6.0486415793431168e-10 -6.163250172562469e-10 -2.406835472954805e-10 -1.50414811909638e-09 2.026642336249681e-10 -1.2926079002939209e-09 -7.5808534565347668e-10
 3.0477222227526159e-10 9.8372511874152284e-11 6.7304854479162876e-10 -2.5825923797764749e-10 5.1391949613528352e-10 2.2531835336498466e-10 6.2203388385706313e-11 3.033989373979521e-10 1.3900473071322466e-10 1.7418005939512903e-10 1.1506940843577606e-10 1.6692348235851454e-10 1.3205190308940816e-10 1.4395698338063159e-10 1.3041652992329536e-10 1.4217829472852082e-10 1.1238420338027742e-10 1.2501879872387314e-10 1.4909910586321224e-10 4.2486181351571935e-10 3.1744943978177746e-10 1.7246864941360366e-10 7.9923534096153311e-12 4.0918146967033349e-10 3.4620570821277868e-10 8.0121220734502278e-10 -7.6633765538347582e-10 1.0715785992536634e-09 1.5207348080776073e-10 -1.2197745832191922e-10
 -1.1159521624886138e-10 -2.1190071692746901e-10 2.8609196827277779e-10 -6.1280332776679085e-10 2.2577823016781483e-10 -2.177814064851416e-10 -8.319096588086985e-11 -1.1603284601790286e-10 -5.1034546356264826e-11 -5.9518171684026916e-11 -4.3967267324824737e-11 -6.4960929930371873e-11 -3.3124362313558898e-11 -4.2316232579052755e-11 -3.2762047458729699e-11 -5.9298382023676095e-11 -7.2983342887306064e-11 -6.4368881248438553e-12 3.9662537745388146e-10 1.5804876583342036e-10 -1.7959142501527099e-09 -1.3918816882551225e-09 -1.4302921623193534e-09 -1.8266783164442606e-09 1.1838998813849882e-10 6.3072941627989897e-10 -7.1893925527839135e-10 3.4643150853642319e-10 -2.5110476377242424e-10 -9.9532331037521144e-11
 -1.6344784707355615e-10 -2.0647701486646729e-10 1.339016496231519e-10 -3.7083572672105738e-10 6.107235719618806e-11 -8.6250438535819432e-11 -1.0062711278520819e-10 7.4487829788044849e-12 -4.446614961923245e-11 -1.4726166377601911e-11 -3.3044453881028153e-11 1.6214660173521262e-12 -9.7125589796200584e-12 -4.7383889525062298e-12 -1.8000153632944314e-11 -3.1426501304492413e-11 3.242897247514897e-11 4.244750008236918e-10 8.9749617291252677e-11 -3.9953371465322971e-09 -1.9886663191814498e-09 1.2722121383743952e-08 1.2622496130991688e-08 -2.6698183896033994e-09 -3.9364805007063707e-09 5.7060031262068521e-10 -4.3120709838432695e-10 3.686867523663713e-10 -2.4669209568361993e-10 -3.9933423586165698e-10
 -1.5188532222023341e-10 -7.8593503638283912e-11 3.1150079463692679e-10 -4.9849227086773312e-10 2.9121817075308624e-10 -1.2473344685712329e-10 8.8767468943614462e-12 5.9468499917380654e-12 8.0883996967139022e-12 -3.2326547235955218e-11 3.5635125172440387e-11 -6.8747250903365458e-12 2.4131145410652852e-11 1.1741072835841956e-11 7.5476365069192995e-12 2.3956223774485777e-11 2.4747386747262491e-10 4.871429350056866e-11 -3.8784484953490835e-09 -7.4187591039342613e-10 4.5554677171383729e-08 -5.7534945530489136e-08 -5.2893960074046949e-08 4.5292522446448131e-08 -2.0076219853589118e-09 -3.4042719793155453e-09 -3.5261613185000763e-10 4.3149306907888031e-10 -7.592624608954417e-12 -3.7079225702672494e-10
 -1.8420158814170504e-10 5.1003212477362815e-11 4.9679470336159423e-11 -2.1614259429368611e-10 1.3203385408480687e-10 -9.744209151507008e-13 7.7703217986833573e-12 5.6616250687555705e-11 5.1568064196393664e-11 4.1733185853229497e-12 -5.0991445612954512e-11 1.7810841081254609e-11 -9.9521607475543197e-12 9.3931111913611782e-12 -3.0185763782911519e-12 6.2090920921388461e-11 3.4095095452156332e-11 -1.6172574509147071e-09 3.4945336271662672e-10 4.4119973527989327e-08 -1.5995788533740826e-07 1.4474014819757485e-07 1.2597254074569748e-07 -1.5331678665997119e-07 4.4696599360079855e-08 -3.0776049284215525e-10 -2.0245486709965079e-09 3.5544047142620257e-10 3.686440462811207e-12 -2.6949192107260297e-10
 -1.5413848397432705e-10 -1.9879955390697088e-11 1.6788241753731852e-10 -3.2903480238648801e-10 3.5611221069541487e-10 9.8001728806743771e-11 -1.5315025530972572e-10 -1.3093991438227576e-10 1.0577400015283889e-10 2.0402352825565785e-10 9.1786499226940574e-12 -4.3698948827411152e-11 7.5965291261034271e-12 -1.6360870369396344e-11 1.2005200316631937e-11 3.7095376864369964e-12 -9.4315515640576712e-11 2.4180834110356209e-10 1.0984836608635193e-08 -8.7325676428964603e-08 2.4281043461975799e-07 -2.0040755290537281e-07 -1.7107384484626856e-07 2.3005583047378833e-07 -8.6323590531905385e-08 1.2110213977459897e-08 -5.0730911024735155e-10 8.8652180006787512e-11 1.5903807358040417e-10 -5.1139492211073396e-10
 -2.8657180346902093e-10 7.5295331179221256e-11 7.1245491605710191e-11 1.1323794486563914e-10 3.5892723447464736e-10 -1.3289684944412602e-09 -7.5049312891490038e-10 -1.8295560377749736e-10 -1.3400392938211646e-09 9.7506408021606826e-11 3.7313349200612771e-10 1.2460589100561086e-11 -3.6127148766521963e-11 9.5150303190393748e-12 -2.4258851575045349e-11 7.6124197269054405e-11 4.1138201064926914e-11 -1.6662361629052166e-09 5.2434436865516738e-10 4.3499936497576672e-08 -1.5852208166643019e-07 1.4296412787072353e-07 1.2703128902603468e-07 -1.5338466919569625e-07 4.453251700907533e-08 -4.0441825417003811e-10 -1.7416437027198273e-09 1.0280840529516744e-10 1.6401205445151493e-10 -3.7207587581544468e-10
